1
Tracker54
0
103
402 1847.784445000000005 198.184250000000134
403 1849.063819999999851 197.413655500000004
404 1850.102672500000153 196.540621999999985
405 1850.920448999999962 195.429331499999989
406 1851.096491000000015 193.131359999999972
407 1851.900962000000163 192.006832999999915
408 1853.139397000000145 190.019055999999978
409 1855.149550999999974 188.843885000000000
410 1856.262095499999987 185.924373500000002
411 1857.471872500000018 184.283047499999952
412 1859.466674000000012 183.221249999999941
413 1859.792147000000114 181.620784500000013
414 1861.335584999999810 179.618044499999996
415 1862.229100499999959 178.214975499999923
416 1863.527921999999990 176.230651500000022
417 1865.271966000000248 176.227198499999986
418 1866.716124499999978 175.086557499999913
419 1868.016992999999957 174.523718499999973
420 1869.932984999999917 174.080583499999989
421 1871.778355500000089 173.537311499999987
422 1872.977897499999926 174.567456499999935
423 1874.729106000000002 174.729172000000062
424 1875.174328500000001 174.544436500000074
425 1875.583728500000007 174.557673000000023
426 1875.834485999999970 173.381350999999995
427 1876.062726499999826 172.840381000000093
428 1876.659427000000051 172.251644500000111
429 1876.282778999999891 171.422348999999940
430 1877.022769500000095 170.407166999999959
431 1876.905066999999917 167.517581500000006
432 1877.441380999999865 166.076529499999992
433 1877.399417499999799 164.952002499999935
434 1877.927543500000183 162.069323000000054
435 1878.103585500000236 161.768336499999918
436 1878.997101000000157 158.724516999999992
437 1879.772913999999901 156.491576999999893
438 1880.922304500000109 155.322161000000051
439 1882.839319999999816 152.980451499999958
440 1884.414486500000066 152.053320999999983
441 1886.718385000000126 149.948141999999962
442 1888.850335500000028 148.377602500000080
443 1891.083612500000072 146.532549499999959
444 1894.063021000000163 143.949129999999968
445 1897.378137499999866 141.597061499999882
446 1900.353451999999834 138.690786500000058
447 1903.813905499999919 135.386265499999922
448 1907.132092500000226 131.882621499999914
449 1911.438980499999843 128.413507500000037
450 1915.239235999999892 125.160781499999985
451 1918.941235499999948 121.862591000000066
452 1923.023977000000059 119.604329000000007
453 1927.079083999999966 116.369443499999988
454 1930.387035999999853 112.749548499999946
455 1933.596731999999975 109.245904500000051
456 1936.735806500000081 107.340423999999985
457 1939.213700000000017 104.681614000000081
458 1942.966874499999903 103.371200499999986
459 1945.764099999999871 101.602113499999859
460 1948.697450999999774 99.762815499999988
461 1951.253130499999770 98.712528000000020
462 1954.010439500000075 97.324422000000141
463 1956.924343999999792 97.692741999999953
464 1960.191356000000042 96.817982000000029
465 1963.578117499999962 96.720722499999965
466 1966.150172999999995 95.717626000000109
467 1968.860401000000138 94.909048499999926
468 1971.072184500000049 95.530012999999826
469 1974.051592999999912 94.552238499999930
470 1977.595973499999900 94.772079500000018
471 1979.755558500000006 93.594606500000054
472 1980.988876000000118 93.820778000000018
473 1981.824051999999938 92.996662000000015
474 1982.734967000000097 90.920833500000072
475 1984.406342500000164 89.602362999999968
476 1985.027606999999989 89.327849499999957
477 1985.388902500000086 89.740483000000040
478 1986.878095000000030 89.741633999999976
479 1988.482942999999977 89.872847999999976
480 1988.465543499999967 89.652431500000148
481 1988.643632500000194 90.298718000000008
482 1990.595446999999922 90.760844500000076
483 1991.018152500000042 90.164626500000168
484 1991.896315499999901 89.480932499999881
485 1992.544190999999955 88.751774000000069
486 1993.357873499999869 88.484742000000097
487 1993.933080499999960 87.459776500000089
488 1994.244224499999973 87.135194499999898
489 1995.934023000000025 85.227411999999958
490 1998.832574999999906 79.501187000000073
491 2001.880557999999837 81.441773000000012
492 2003.381009000000176 80.607298000000128
493 2004.384038999999802 78.111354500000061
494 2005.912124499999891 77.229688500000066
495 2013.822756000000027 77.017329000000018
496 2015.254632499999843 75.661451000000170
497 2015.730559999999969 75.293130999999903
498 2019.126532999999881 73.330676000000039
499 2019.276987499999905 73.536129500000015
500 2020.573761999999988 72.461671000000024
501 2020.527704500000254 71.767042500000116
502 2024.799793500000078 73.631662499999948
503 2027.573478499999965 72.663671499999964
504 2026.588871500000096 70.625825999999961
